
Résultats pour Naive Bayes:
1-gram: {'accuracy': 0.8997368421052632, 'recall': 0.8997368421052632, 'confusion_matrix': array([[1704,   61,   89,   46],
       [  25, 1856,    6,   13],
       [  76,   20, 1596,  208],
       [  72,   17,  129, 1682]])}
2-gram: {'accuracy': 0.9019736842105263, 'recall': 0.9019736842105263, 'confusion_matrix': array([[1696,   68,   87,   49],
       [  28, 1856,    8,    8],
       [  64,   23, 1629,  184],
       [  69,   22,  135, 1674]])}
3-gram: {'accuracy': 0.8776315789473684, 'recall': 0.8776315789473684, 'confusion_matrix': array([[1650,   79,   96,   75],
       [  42, 1814,   25,   19],
       [  88,   40, 1590,  182],
       [  88,   41,  155, 1616]])}

Résultats pour ANN:
ann_5_words: {'accuracy': 0.8689473684210526, 'recall': 0.8689473684210526, 'confusion_matrix': array([[1668,   63,   91,   78],
       [  60, 1782,   28,   30],
       [  87,   34, 1559,  220],
       [  74,   49,  182, 1595]])}
ann_10_words: {'accuracy': 0.6938157894736842, 'recall': 0.6938157894736842, 'confusion_matrix': array([[1575,  242,   60,   23],
       [ 139, 1730,    6,   25],
       [ 429,  269, 1046,  156],
       [ 376,  402,  200,  922]])}
ann_15_words: {'accuracy': 0.7956578947368421, 'recall': 0.7956578947368421, 'confusion_matrix': array([[1464,  271,  119,   46],
       [  28, 1837,   10,   25],
       [ 101,  155, 1423,  221],
       [  74,  243,  260, 1323]])}

Résultats pour Naive Bayes:
1-gram: {'accuracy': 0.8997368421052632, 'recall': 0.8997368421052632, 'confusion_matrix': array([[1704,   61,   89,   46],
       [  25, 1856,    6,   13],
       [  76,   20, 1596,  208],
       [  72,   17,  129, 1682]])}
2-gram: {'accuracy': 0.9019736842105263, 'recall': 0.9019736842105263, 'confusion_matrix': array([[1696,   68,   87,   49],
       [  28, 1856,    8,    8],
       [  64,   23, 1629,  184],
       [  69,   22,  135, 1674]])}
3-gram: {'accuracy': 0.8776315789473684, 'recall': 0.8776315789473684, 'confusion_matrix': array([[1650,   79,   96,   75],
       [  42, 1814,   25,   19],
       [  88,   40, 1590,  182],
       [  88,   41,  155, 1616]])}

Résultats pour ANN:
ann_5_words: {'accuracy': 0.8736842105263158, 'recall': 0.8736842105263158, 'confusion_matrix': array([[1657,   82,   89,   72],
       [  63, 1792,   20,   25],
       [  89,   28, 1567,  216],
       [  78,   50,  148, 1624]])}
ann_10_words: {'accuracy': 0.8736842105263158, 'recall': 0.8736842105263158, 'confusion_matrix': array([[1657,   82,   89,   72],
       [  63, 1792,   20,   25],
       [  89,   28, 1567,  216],
       [  78,   50,  148, 1624]])}
ann_15_words: {'accuracy': 0.8736842105263158, 'recall': 0.8736842105263158, 'confusion_matrix': array([[1657,   82,   89,   72],
       [  63, 1792,   20,   25],
       [  89,   28, 1567,  216],
       [  78,   50,  148, 1624]])}

Résultats pour Naive Bayes:
1-gram: {'accuracy': 0.8997368421052632, 'recall': 0.8997368421052632, 'confusion_matrix': array([[1704,   61,   89,   46],
       [  25, 1856,    6,   13],
       [  76,   20, 1596,  208],
       [  72,   17,  129, 1682]])}
2-gram: {'accuracy': 0.9019736842105263, 'recall': 0.9019736842105263, 'confusion_matrix': array([[1696,   68,   87,   49],
       [  28, 1856,    8,    8],
       [  64,   23, 1629,  184],
       [  69,   22,  135, 1674]])}
3-gram: {'accuracy': 0.8776315789473684, 'recall': 0.8776315789473684, 'confusion_matrix': array([[1650,   79,   96,   75],
       [  42, 1814,   25,   19],
       [  88,   40, 1590,  182],
       [  88,   41,  155, 1616]])}

Résultats pour ANN:
ann_5_words: {'accuracy': 0.8685526315789474, 'recall': 0.8685526315789474, 'confusion_matrix': array([[1669,   67,   99,   65],
       [  56, 1784,   35,   25],
       [  86,   35, 1606,  173],
       [  81,   54,  223, 1542]])}
ann_10_words: {'accuracy': 0.8685526315789474, 'recall': 0.8685526315789474, 'confusion_matrix': array([[1669,   67,   99,   65],
       [  56, 1784,   35,   25],
       [  86,   35, 1606,  173],
       [  81,   54,  223, 1542]])}
ann_15_words: {'accuracy': 0.8685526315789474, 'recall': 0.8685526315789474, 'confusion_matrix': array([[1669,   67,   99,   65],
       [  56, 1784,   35,   25],
       [  86,   35, 1606,  173],
       [  81,   54,  223, 1542]])}

Résultats pour Naive Bayes:
1-gram: {'accuracy': 0.8997368421052632, 'recall': 0.8997368421052632, 'confusion_matrix': array([[1704,   61,   89,   46],
       [  25, 1856,    6,   13],
       [  76,   20, 1596,  208],
       [  72,   17,  129, 1682]])}
2-gram: {'accuracy': 0.9019736842105263, 'recall': 0.9019736842105263, 'confusion_matrix': array([[1696,   68,   87,   49],
       [  28, 1856,    8,    8],
       [  64,   23, 1629,  184],
       [  69,   22,  135, 1674]])}
3-gram: {'accuracy': 0.8776315789473684, 'recall': 0.8776315789473684, 'confusion_matrix': array([[1650,   79,   96,   75],
       [  42, 1814,   25,   19],
       [  88,   40, 1590,  182],
       [  88,   41,  155, 1616]])}

Résultats pour ANN:
ann_5_words: {'accuracy': 0.8685526315789474, 'recall': 0.8685526315789474, 'confusion_matrix': array([[1669,   67,   99,   65],
       [  56, 1784,   35,   25],
       [  86,   35, 1606,  173],
       [  81,   54,  223, 1542]])}
ann_10_words: {'accuracy': 0.8685526315789474, 'recall': 0.8685526315789474, 'confusion_matrix': array([[1669,   67,   99,   65],
       [  56, 1784,   35,   25],
       [  86,   35, 1606,  173],
       [  81,   54,  223, 1542]])}
ann_15_words: {'accuracy': 0.8685526315789474, 'recall': 0.8685526315789474, 'confusion_matrix': array([[1669,   67,   99,   65],
       [  56, 1784,   35,   25],
       [  86,   35, 1606,  173],
       [  81,   54,  223, 1542]])}

Résultats pour Naive Bayes - Standard:
1-gram_standard: {'accuracy': 0.8714473684210526, 'recall': 0.8714473684210526, 'confusion_matrix': array([[1642,   72,  105,   81],
       [  69, 1788,   15,   28],
       [ 103,   23, 1536,  238],
       [  69,   15,  159, 1657]])}
1-gram_laplace: {'accuracy': 0.8978947368421053, 'recall': 0.8978947368421053, 'confusion_matrix': array([[1697,   62,   90,   51],
       [  32, 1849,    8,   11],
       [  76,   20, 1600,  204],
       [  63,   18,  141, 1678]])}
1-gram_goodturing: {'accuracy': 0.8978947368421053, 'recall': 0.8978947368421053, 'confusion_matrix': array([[1697,   62,   90,   51],
       [  32, 1849,    8,   11],
       [  76,   20, 1600,  204],
       [  63,   18,  141, 1678]])}
2-gram_standard: {'accuracy': 0.8973684210526316, 'recall': 0.8973684210526316, 'confusion_matrix': array([[1685,   67,   80,   68],
       [  29, 1848,    8,   15],
       [  76,   17, 1609,  198],
       [  65,   16,  141, 1678]])}
2-gram_laplace: {'accuracy': 0.9022368421052631, 'recall': 0.9022368421052631, 'confusion_matrix': array([[1700,   69,   82,   49],
       [  29, 1854,    8,    9],
       [  63,   22, 1630,  185],
       [  70,   22,  135, 1673]])}
2-gram_goodturing: {'accuracy': 0.9022368421052631, 'recall': 0.9022368421052631, 'confusion_matrix': array([[1700,   69,   82,   49],
       [  29, 1854,    8,    9],
       [  63,   22, 1630,  185],
       [  70,   22,  135, 1673]])}
3-gram_standard: {'accuracy': 0.8756578947368421, 'recall': 0.8756578947368421, 'confusion_matrix': array([[1664,   68,   90,   78],
       [  37, 1818,   21,   24],
       [  94,   37, 1560,  209],
       [  92,   46,  149, 1613]])}
3-gram_laplace: {'accuracy': 0.8773684210526316, 'recall': 0.8773684210526316, 'confusion_matrix': array([[1652,   79,   95,   74],
       [  43, 1816,   23,   18],
       [  89,   40, 1586,  185],
       [  89,   42,  155, 1614]])}
3-gram_goodturing: {'accuracy': 0.8773684210526316, 'recall': 0.8773684210526316, 'confusion_matrix': array([[1652,   79,   95,   74],
       [  43, 1816,   23,   18],
       [  89,   40, 1586,  185],
       [  89,   42,  155, 1614]])}
interpolation: {'accuracy': 0.9061842105263158, 'recall': 0.9061842105263158, 'confusion_matrix': array([[1700,   65,   85,   50],
       [  24, 1856,    7,   13],
       [  58,   18, 1629,  195],
       [  51,   17,  130, 1702]])}

Résultats pour Naive Bayes - Laplace:
1-gram_laplace: {'accuracy': 0.8978947368421053, 'recall': 0.8978947368421053, 'confusion_matrix': array([[1697,   62,   90,   51],
       [  32, 1849,    8,   11],
       [  76,   20, 1600,  204],
       [  63,   18,  141, 1678]])}
2-gram_laplace: {'accuracy': 0.9022368421052631, 'recall': 0.9022368421052631, 'confusion_matrix': array([[1700,   69,   82,   49],
       [  29, 1854,    8,    9],
       [  63,   22, 1630,  185],
       [  70,   22,  135, 1673]])}
3-gram_laplace: {'accuracy': 0.8773684210526316, 'recall': 0.8773684210526316, 'confusion_matrix': array([[1652,   79,   95,   74],
       [  43, 1816,   23,   18],
       [  89,   40, 1586,  185],
       [  89,   42,  155, 1614]])}

Résultats pour Naive Bayes - Good-Turing:
1-gram_goodturing: {'accuracy': 0.8978947368421053, 'recall': 0.8978947368421053, 'confusion_matrix': array([[1697,   62,   90,   51],
       [  32, 1849,    8,   11],
       [  76,   20, 1600,  204],
       [  63,   18,  141, 1678]])}
2-gram_goodturing: {'accuracy': 0.9022368421052631, 'recall': 0.9022368421052631, 'confusion_matrix': array([[1700,   69,   82,   49],
       [  29, 1854,    8,    9],
       [  63,   22, 1630,  185],
       [  70,   22,  135, 1673]])}
3-gram_goodturing: {'accuracy': 0.8773684210526316, 'recall': 0.8773684210526316, 'confusion_matrix': array([[1652,   79,   95,   74],
       [  43, 1816,   23,   18],
       [  89,   40, 1586,  185],
       [  89,   42,  155, 1614]])}

Résultats pour Naive Bayes - Interpolation:
interpolation: {'accuracy': 0.9061842105263158, 'recall': 0.9061842105263158, 'confusion_matrix': array([[1700,   65,   85,   50],
       [  24, 1856,    7,   13],
       [  58,   18, 1629,  195],
       [  51,   17,  130, 1702]])}

Résultats pour ANN:
ann_5_words: {'accuracy': 0.8685526315789474, 'recall': 0.8685526315789474, 'confusion_matrix': array([[1669,   67,   99,   65],
       [  56, 1784,   35,   25],
       [  86,   35, 1606,  173],
       [  81,   54,  223, 1542]])}
ann_10_words: {'accuracy': 0.8685526315789474, 'recall': 0.8685526315789474, 'confusion_matrix': array([[1669,   67,   99,   65],
       [  56, 1784,   35,   25],
       [  86,   35, 1606,  173],
       [  81,   54,  223, 1542]])}
ann_15_words: {'accuracy': 0.8685526315789474, 'recall': 0.8685526315789474, 'confusion_matrix': array([[1669,   67,   99,   65],
       [  56, 1784,   35,   25],
       [  86,   35, 1606,  173],
       [  81,   54,  223, 1542]])}
